   4.04679056004335     
   3.69604345904732     
  0.951796586207991     
   9.50801816919438     
   2.39953554648215     
   4.27583005892624     
   2.67639092822051     
   8.44778615992272     
   3.00925002732391     
   5.22916769342198     
   3.29929035257648     
   1.77643786492003     
   6.35117696563537     
  0.771447908172268     
   1.96661342770512     
   3.70943958970636     
   8.93463320809572     
   5.37116517793705     
   3.64568700412185     
   5.80114010200493     
   1.71260542288485     
   4.52872263988740     
   8.13735968748657     
   4.90386509367231     
   8.36638883887390     
   2.74773763797775     
   1.29213899557476     
   1.66075929048824     
   1.85737409353207     
   8.74929222381719     
   7.64101959470574     
   2.58827657312699     
   3.50518814276857     
   1.11710120070920     
   1.09522068945575     
  0.835557893273048     
   4.64855380646990     
   1.69212972505257     
   2.26468742715834     
   4.24121559405594     
   2.43707259509252     
   3.57298870280614     
   6.81404957273158     
   7.40806533861725     
   1.55953168053487     
   10.2377394548316     
   15.6903725061867     
   7.67251120245761     
   3.71724897680928     
   2.20246614289264     
   2.81691745812336     
   11.9313276795281     
   4.12512235910675     
   3.54782366893853     
   2.84912149328693     
   3.31509803706608     
   6.06392127872254     
   6.65460422365720     
  0.659838404782312     
   2.56549235649682     
   5.09775810113138     
   1.20754699130015     
   4.37829147085679     
   4.20779275471953     
   2.04897993289991     
  0.731226686735790     
   1.97768205369647     
   4.84171015295573     
   2.58513720160365     
   5.88102432643019     
   1.66729220399891     
   1.21068032538200     
   3.87468727553753     
   6.01944843521992     
   2.06477085842169     
  0.164776687390948     
   6.78079606420784     
   3.05750263236567     
   1.16894867841176     
   6.20714718152911     
   3.50094055385864     
   1.66659569966473     
   1.73638613562540     
   3.94563358969101     
   3.73231984752147     
   2.48618901903862     
  0.819831035957415     
   1.34804081044382     
   2.29120149159547     
   3.72074547817976     
   4.55922803296021     
   6.64487856891629     
   3.03243851150618     
   1.70845484427468     
   2.26608925726111     
   3.62974312990674     
   1.68602572553985     
   5.08788803536489     
   2.78043475696010     
   1.76728524168398     
   7.68802369158605     
   3.32388175056228     
   1.26231553510609     
   3.82886625211501     
   2.04394755916916     
   6.26314288900265     
   6.88743061801104     
   3.33316848772295     
   7.64055222138747     
   3.84551566123571     
   4.09263736168541     
   5.61334593825209     
   4.25510666003754     
   5.83840625309923     
   2.56978310379454     
  0.345461526383138     
   4.55799122840477     
   5.51752101553821     
   1.01682345578122     
   1.93815438916335     
   4.62202133129638     
   6.09136494996130     
   10.2832217544399     
   3.63900475069760     
   6.71020706165759     
   3.20563354244928     
   3.29836888425599     
   1.93193337967127     
   5.12235508492795     
   1.16744201571167     
   1.99531718096690     
   5.44979647476962     
   1.31209158445929     
   4.42187618315249     
   3.23152595989730     
   1.38628226321654     
   2.19818813877631     
   1.64359207056929     
   3.34153900134370     
  0.394721500718609     
   1.90679411782433     
   8.44254181360701     
   7.87798397702454     
   6.74575924624050     
   4.09449161193580     
   8.32297097706396     
   7.90454421410955     
   2.12616558707419     
   3.86468582496920     
   2.76007670576947     
   3.09176405010545     
   3.31814875304459     
   3.13466884361107     
   2.44347163729508     
   5.42522070737867     
   1.65715081020908     
   9.18775342800358     
  0.265581880792269     
   2.23811712349707     
   7.16151400692761     
   3.01871922949885     
   5.86991571479521     
   4.94366250225715     
   2.82180613976249     
   1.29104863454015     
   2.14186697882356     
   6.52128729079677     
   7.86351716868245     
   2.08682131023276     
  0.268698133831171     
   4.55370061544955     
   4.92930341399513     
   11.0904186851835     
   5.08623984798469     
   1.23679631430548     
   2.24881719666803     
   7.13449504519920     
   1.98693741381400     
   7.83166344091559     
   4.53953092894732     
   2.07341450169076     
   2.86231762460809     
   5.54010673669921     
   3.03859141361735     
   6.73830304322974     
   3.47209405236632     
   1.00198828426161     
   8.25998175460366     
   7.35914666004897     
   2.49509649726446     
   1.85065249041370     
   2.01670767055986     
   5.08238496573728     
   3.24918003720315     
   5.42371784092929     
  0.711500792072999     
   1.82810533056537     
   6.71907237339695     
   6.12106169594315     
   4.06379155651796     
  0.736098200599857     
   6.99329909115872     
   7.56785091304311     
   1.79816092233722     
   5.45769662672024     
   5.58880493799197     
   4.97514218859277     
   3.90744006687991     
   2.23565544998985     
  0.522632645204033     
   1.79200428532926     
   1.97874150409170     
   2.02575780840472     
   3.70506317932186     
   3.11005592359939     
   2.19099955093164     
   7.54050355619066     
   1.48356814366231     
   3.58992203172810     
   7.05708777158686     
   6.25619102603974     
   8.57456548278000     
   2.49047218217165     
   2.25270202666150     
   5.89560030514549     
   2.34286258564701     
   5.13326614084737     
   4.90169549842413     
   9.30895302779549     
   4.61353261602069     
   5.19567051451577     
   1.39155618555797     
   2.31272858681116     
  0.529402983210598     
  6.517225043678859E-002
   5.52103586399776     
   1.39474577890669     
   4.10215456288412     
   2.77520797745903     
  0.504341080461366     
   1.41756278234913     
  0.828336817481930     
   1.40934437006044     
   6.96132717763668     
   1.92347129152737     
   2.26593296476452     
   2.98816809178623     
   2.68185660805650     
   5.24563998064668     
   1.71954215904484     
   1.79633781270185     
   3.48131983235799     
   4.44231556689689     
   3.63003902246397     
   5.55253391124608     
   1.66760870794498     
  0.560166928775873     
   4.94907272850352     
   1.20434121094270     
   5.89312950373666     
   3.55578755186119     
   2.01179431351526     
   1.33197313776873     
   1.32318772698660     
   4.14043171434019     
   3.15293722121253     
   6.91936189041701     
   4.50904515381465     
   3.93480683767583     
   1.75864841815945     
   2.58320230472868     
   6.41735600521939     
   2.83801098599870     
   4.64286056300811     
   3.66684789179603     
   3.28700408736695     
   2.10871253237125     
   9.09612083722060     
   3.34144723643881     
   2.58768447182111     
   1.40768668910551     
   1.19280587088334     
   1.71896048933718     
   6.87801808331309     
   1.21885895383655     
   4.10353718198361     
   1.43242199309005     
   1.81765946227716     
  0.232687677673139     
   5.48614969783435     
   2.45848018996999     
   1.73096604403096     
   2.10246171888128     
  0.484355761347316     
   4.34225768776510     
   2.54359908569427     
  0.682618065005202     
   6.76964036120944     
   2.74640946009908     
   2.61534403502783     
   5.45372247593861     
   7.90659165264286     
   2.57366420749811     
   1.79553648390479     
   6.99367517343581     
   5.40380267817729     
   5.28458886922190     
   2.97334679101534     
   4.75904981981177     
   1.95961747410599     
   1.59291450850820     
   3.79181238152631     
  0.772044426549301     
   5.14159871872455     
   6.27028556691193     
   3.85672770219203     
   6.77882243841323     
   2.37400582281775     
   1.78564467473506     
   10.3076550803274     
   9.72921471192907     
   6.96726449753189     
   1.04509330847318     
   6.95112854834779     
   2.66512078450957     
   1.44427056749015     
   1.70095034478772     
  0.855634530827277     
   6.02920663432683     
   4.06693668617969     
  0.449726996705063     
   2.98185963687764     
   1.86640689476413     
   6.17654680673742     
   4.27639932493085     
   5.89574483351111     
   2.13872676783584     
   2.31091625080499     
   1.53576820220714     
   2.33173601719785     
  0.967294337749784     
  0.530106584478957     
   5.81417121173981     
  0.567316727662960     
  0.768288560873473     
   3.24364948979181     
   4.94898116455144     
   4.44158483514998     
   10.4929596405015     
   1.15009851488132     
   7.21543072210136     
   1.75570736119621     
   4.48153135012874     
   5.24812309281772     
   6.55808749095590     
   1.97253733837841     
   2.46562336416926     
   2.14502074085758     
  0.966799675933778     
  0.705052932764047     
   7.86069249130364     
  0.604750756541980     
   12.2927875748007     
   4.58613117925951     
   5.04718609310302     
   2.71204821457216     
   4.30925992814546     
   2.65696269902593     
   3.45645907178977     
   3.00066819846446     
   3.56279541204138     
   3.83652391834176     
   4.01090025706251     
   5.38811479566001     
   4.24008759411793     
   2.18421864800834     
  0.827120094273791     
   2.77620639341152     
   3.79166435958882     
   4.76694463769756     
   3.62096038570849     
   5.67605581374666     
   3.17623829275716     
   6.56782669577330     
   1.75337422834755     
   6.03212996145197     
   4.21740695376826     
   11.6127421106728     
   1.11158633922661     
  0.533691364425576     
   2.14632070444918     
   2.76847310688127     
   4.65713466724437     
   3.37326264277233     
  0.976785008674179     
   3.53382261962732     
   2.28490643159416     
   12.3279024112703     
  0.950473119989868     
   2.64381037651654     
   1.07106267169170     
   2.67948673226104     
   1.83497395113066     
  0.835310667068741     
   6.73418428135579     
   3.08267595670387     
   4.04164692492257     
   7.62816267735092     
   1.09364773774229     
   2.95078293169548     
   3.19863944166473     
   1.41160169986652     
   4.01560106441097     
   4.17520239894675     
   3.78665886969619     
   2.43969895623347     
  0.901722738775419     
   2.53963084434427     
   4.77287305371087     
   4.75721372712382     
   3.55693738305654     
   8.66687131154234     
   1.49510538229221     
   2.29659353697388     
   1.92425267036353     
   3.88767528630133     
   10.7686041505356     
   1.17379177353621     
   3.98875866409389     
   3.59765881599919     
  0.659346370166123     
   3.57591296935249     
   5.88959017294480     
   10.3275683492170     
   3.00252482864851     
   2.98772886054811     
  0.542871753442673     
   4.26609435172174     
   1.11338585816209     
   4.06552483493605     
   3.90530246502948     
   5.05227118655452     
   10.6546506183411     
   2.99975993183516     
   2.25427564803239     
  0.482891595856645     
   3.44929324531722     
   1.45723086787140     
   4.48421574466977     
   2.72190085196923     
   3.10051914208549     
   4.03916250954910     
   4.98389533059400     
   2.36631593454070     
   5.23452863118452     
   9.37332893112930     
  0.990989370057291     
   6.99279058790681     
   2.00213936932384     
   1.35302963872833     
   1.10179609892508     
   3.53445198276875     
   4.95236816544089     
  0.596264644841803     
   3.16174810924339     
   3.45862238406643     
   5.23313794637125     
   5.27144366976125     
   7.20772272202504     
   2.55638262001454     
   2.32951030123241     
   2.05323521096479     
   2.28862140635247     
   4.59965626819145     
   15.1131219725504     
   3.29283019877192     
   4.41139507380609     
   7.68306019657546     
   1.14021659108367     
   5.60821151683019     
   6.04905651934979     
   2.54212774024032     
   4.13424175095315     
   7.34361461663299     
   9.01167595163757     
   4.91993657209274     
   9.24674451881775     
   5.57892658056301     
   11.7612902456957     
   3.89494278137525     
   2.55196883487523     
   1.23509150652690     
  0.697604845963288     
   1.43577423375605     
   3.03322609012871     
   3.57486468386326     
   1.86309791042438     
   7.08744168070701     
  0.579395305178323     
   2.01496669460397     
